1.000000000000000000e+00 9.067666205675903868e-01 8.495916014302798969e-01 8.942466530417529924e-01 7.474432032722327923e-01 6.756576031915090264e-01 9.415224859801012425e-01 9.736847312537866284e-01 8.371327909091821340e-01 8.272639681514573073e-01
9.067666205675902757e-01 9.999999999999997780e-01 9.563930896588961339e-01 8.024921900259882612e-01 9.303701788996457944e-01 8.921395442590025482e-01 8.794471377393705547e-01 8.539823524224047224e-01 9.331662914673370945e-01 9.500270055456802032e-01
8.495916014302798969e-01 9.563930896588961339e-01 9.999999999999997780e-01 7.610082492964764800e-01 9.754096360961853618e-01 9.453328983628610516e-01 8.580430246702417385e-01 8.179593780584523133e-01 9.854775561610359391e-01 9.799961082255289613e-01
8.942466530417529924e-01 8.024921900259882612e-01 7.610082492964764800e-01 9.999999999999998890e-01 7.136410406520484750e-01 6.370443229033916355e-01 9.810605145956606821e-01 9.652957629040376242e-01 6.903783171750018655e-01 7.968893987045965188e-01
7.474432032722327923e-01 9.303701788996457944e-01 9.754096360961853618e-01 7.136410406520484750e-01 1.000000000000000000e+00 9.879723567139819806e-01 8.036849490046223954e-01 7.282556681999485804e-01 9.392306486478078087e-01 9.824017338967198087e-01
6.756576031915090264e-01 8.921395442590025482e-01 9.453328983628609405e-01 6.370443229033915244e-01 9.879723567139819806e-01 9.999999999999998890e-01 7.401869412703850903e-01 6.519195060394863406e-01 9.013170042163514140e-01 9.659970979024191662e-01
9.415224859801012425e-01 8.794471377393705547e-01 8.580430246702416275e-01 9.810605145956607931e-01 8.036849490046223954e-01 7.401869412703850903e-01 1.000000000000000000e+00 9.842228942304692696e-01 8.003371271745326476e-01 8.820071992051070620e-01
9.736847312537866284e-01 8.539823524224047224e-01 8.179593780584522023e-01 9.652957629040376242e-01 7.282556681999484693e-01 6.519195060394864516e-01 9.842228942304692696e-01 9.999999999999998890e-01 7.802002899599838059e-01 8.196297824960576683e-01
8.371327909091821340e-01 9.331662914673372056e-01 9.854775561610360501e-01 6.903783171750018655e-01 9.392306486478079197e-01 9.013170042163514140e-01 8.003371271745325366e-01 7.802002899599838059e-01 9.999999999999997780e-01 9.341946914837208071e-01
8.272639681514573073e-01 9.500270055456800922e-01 9.799961082255289613e-01 7.968893987045965188e-01 9.824017338967198087e-01 9.659970979024191662e-01 8.820071992051070620e-01 8.196297824960576683e-01 9.341946914837208071e-01 9.999999999999997780e-01
