1.000000000000000000e+00 7.677648323056339708e-01 9.491642590877279462e-01 9.490356261947008321e-01 8.858235528415320248e-01 9.030959428139092582e-01 8.660828279375895056e-01 8.660828279375895056e-01 9.922484496067829340e-01 9.449549182438984340e-01 8.886064294122300034e-01 9.627731376130052032e-01 9.131126624295035077e-01 8.091986649184216285e-01 9.746911976335603800e-01 8.371319697326644604e-01 9.926502304350145467e-01 9.607934793913773808e-01
7.677648323056338597e-01 9.999999999999997780e-01 6.226166175775983413e-01 8.366488916083918426e-01 9.709003354628539251e-01 9.514750759369119404e-01 9.577757368199713017e-01 9.577757368199713017e-01 6.887582085846131186e-01 6.280445185885714654e-01 9.436380862998797747e-01 6.001929321367206471e-01 9.325246766002305288e-01 9.566498941218981589e-01 6.178067830372852010e-01 9.427923430433531315e-01 7.727343678062130738e-01 7.701030972751898851e-01
9.491642590877278352e-01 6.226166175775983413e-01 1.000000000000000000e+00 9.224654195990559247e-01 7.819120641908969827e-01 7.957893336055551492e-01 7.602420793981631286e-01 7.602420793981631286e-01 9.667954913969919462e-01 8.460187436576294129e-01 7.590655193610361673e-01 9.147724686731480981e-01 7.834902697791011894e-01 6.516590820049511512e-01 9.823895701681698567e-01 7.455387209395650805e-01 9.105789151037710916e-01 8.326708951102618217e-01
9.490356261947007210e-01 8.366488916083918426e-01 9.224654195990559247e-01 9.999999999999997780e-01 9.392087827073100081e-01 9.461861351445377544e-01 9.409601232262652104e-01 9.409601232262652104e-01 9.201301639719182690e-01 8.219079093279836323e-01 9.176314993779010054e-01 8.620613451900177582e-01 9.125328059950617021e-01 8.544911588462472674e-01 9.055442293216676708e-01 9.089522415421279478e-01 9.303173371258984803e-01 8.785586048397130421e-01
8.858235528415321358e-01 9.709003354628538141e-01 7.819120641908968716e-01 9.392087827073100081e-01 1.000000000000000000e+00 9.919051764758138878e-01 9.896944259826782053e-01 9.896944259826782053e-01 8.274108038472278714e-01 7.506365761411414317e-01 9.788822511481223287e-01 7.473461790410658168e-01 9.727533944459635373e-01 9.583964276999464849e-01 7.753695150439605666e-01 9.676764384108712536e-01 8.819854460224872961e-01 8.604934188577162413e-01
9.030959428139093692e-01 9.514750759369119404e-01 7.957893336055551492e-01 9.461861351445378654e-01 9.919051764758138878e-01 1.000000000000000000e+00 9.940179843780493352e-01 9.940179843780493352e-01 8.505788317536883136e-01 7.823521246567520793e-01 9.941919910025329710e-01 7.744771308946050148e-01 9.881097775770730784e-01 9.738843481076711051e-01 7.962114893263472215e-01 9.816906444260518061e-01 9.079210355027091950e-01 8.915578586257232319e-01
8.660828279375895056e-01 9.577757368199714127e-01 7.602420793981631286e-01 9.409601232262650994e-01 9.896944259826782053e-01 9.940179843780492241e-01 1.000000000000000000e+00 1.000000000000000000e+00 8.053270520648365682e-01 7.325238364363699795e-01 9.853560483614894894e-01 7.281352213271317098e-01 9.687714711637948062e-01 9.727994424319927891e-01 7.518101156479745084e-01 9.816062988112330689e-01 8.702965795653315739e-01 8.526196819564877405e-01
8.660828279375895056e-01 9.577757368199714127e-01 7.602420793981631286e-01 9.409601232262650994e-01 9.896944259826782053e-01 9.940179843780492241e-01 1.000000000000000000e+00 1.000000000000000000e+00 8.053270520648365682e-01 7.325238364363699795e-01 9.853560483614894894e-01 7.281352213271317098e-01 9.687714711637948062e-01 9.727994424319927891e-01 7.518101156479745084e-01 9.816062988112330689e-01 8.702965795653315739e-01 8.526196819564877405e-01
9.922484496067829340e-01 6.887582085846132296e-01 9.667954913969919462e-01 9.201301639719182690e-01 8.274108038472278714e-01 8.505788317536882026e-01 8.053270520648365682e-01 8.053270520648365682e-01 1.000000000000000000e+00 9.465838106603301494e-01 8.355362211244733439e-01 9.732520331049010487e-01 8.671410991873516050e-01 7.433532216468584641e-01 9.919150391374583764e-01 7.830594131641347433e-01 9.806264514191428416e-01 9.414676693781184325e-01
9.449549182438984340e-01 6.280445185885715764e-01 8.460187436576295239e-01 8.219079093279836323e-01 7.506365761411414317e-01 7.823521246567520793e-01 7.325238364363699795e-01 7.325238364363699795e-01 9.465838106603302604e-01 9.999999999999998890e-01 7.884870507494268210e-01 9.849035324127116686e-01 8.248772542383719930e-01 7.077824683004555473e-01 9.282687312590857109e-01 6.793976427917896022e-01 9.649663180310228405e-01 9.741864812775316018e-01
8.886064294122301144e-01 9.436380862998797747e-01 7.590655193610362783e-01 9.176314993779010054e-01 9.788822511481222177e-01 9.941919910025330820e-01 9.853560483614894894e-01 9.853560483614894894e-01 8.355362211244731219e-01 7.884870507494268210e-01 1.000000000000000000e+00 7.652952830822746799e-01 9.947137491614509441e-01 9.875086784810104268e-01 7.722736248318928798e-01 9.755629681370855399e-01 9.044040378607555164e-01 9.022445402172618589e-01
9.627731376130050922e-01 6.001929321367206471e-01 9.147724686731480981e-01 8.620613451900177582e-01 7.473461790410658168e-01 7.744771308946051258e-01 7.281352213271318208e-01 7.281352213271318208e-01 9.732520331049010487e-01 9.849035324127116686e-01 7.652952830822746799e-01 9.999999999999998890e-01 7.991786322681057042e-01 6.669115564687576603e-01 9.729307590861382415e-01 6.749629665430643133e-01 9.644987156421744867e-01 9.467856779525923860e-01
9.131126624295036187e-01 9.325246766002305288e-01 7.834902697791010784e-01 9.125328059950617021e-01 9.727533944459635373e-01 9.881097775770729674e-01 9.687714711637948062e-01 9.687714711637948062e-01 8.671410991873516050e-01 8.248772542383721040e-01 9.947137491614509441e-01 7.991786322681058152e-01 1.000000000000000000e+00 9.749836905559094991e-01 8.044162051090064658e-01 9.625401405972736635e-01 9.279856694782152582e-01 9.264377017027850547e-01
8.091986649184216285e-01 9.566498941218981589e-01 6.516590820049512622e-01 8.544911588462472674e-01 9.583964276999465959e-01 9.738843481076711051e-01 9.727994424319929001e-01 9.727994424319929001e-01 7.433532216468583531e-01 7.077824683004555473e-01 9.875086784810105378e-01 6.669115564687577713e-01 9.749836905559096101e-01 9.999999999999997780e-01 6.658154358458657773e-01 9.713341179054399976e-01 8.352736724344856922e-01 8.476281053665717380e-01
9.746911976335603800e-01 6.178067830372852010e-01 9.823895701681698567e-01 9.055442293216676708e-01 7.753695150439605666e-01 7.962114893263471105e-01 7.518101156479745084e-01 7.518101156479745084e-01 9.919150391374584874e-01 9.282687312590857109e-01 7.722736248318928798e-01 9.729307590861381305e-01 8.044162051090063548e-01 6.658154358458657773e-01 9.999999999999998890e-01 7.228519295783323306e-01 9.534348139895940655e-01 9.013844377933480922e-01
8.371319697326645715e-01 9.427923430433531315e-01 7.455387209395650805e-01 9.089522415421279478e-01 9.676764384108712536e-01 9.816906444260518061e-01 9.816062988112329579e-01 9.816062988112329579e-01 7.830594131641347433e-01 6.793976427917896022e-01 9.755629681370854289e-01 6.749629665430644243e-01 9.625401405972735525e-01 9.713341179054399976e-01 7.228519295783324417e-01 1.000000000000000000e+00 8.400313449237070129e-01 8.152237572353044914e-01
9.926502304350145467e-01 7.727343678062130738e-01 9.105789151037709805e-01 9.303173371258984803e-01 8.819854460224871850e-01 9.079210355027093060e-01 8.702965795653315739e-01 8.702965795653315739e-01 9.806264514191429527e-01 9.649663180310227295e-01 9.044040378607556274e-01 9.644987156421744867e-01 9.279856694782151472e-01 8.352736724344856922e-01 9.534348139895939545e-01 8.400313449237070129e-01 1.000000000000000000e+00 9.864871143609053039e-01
9.607934793913772697e-01 7.701030972751898851e-01 8.326708951102618217e-01 8.785586048397130421e-01 8.604934188577162413e-01 8.915578586257231208e-01 8.526196819564878515e-01 8.526196819564878515e-01 9.414676693781185435e-01 9.741864812775317128e-01 9.022445402172618589e-01 9.467856779525923860e-01 9.264377017027850547e-01 8.476281053665717380e-01 9.013844377933480922e-01 8.152237572353043804e-01 9.864871143609051929e-01 1.000000000000000000e+00
